2451809.65956931   1946.73   1926.51   12.75  136.04    877.70 572. 0 0   1504.43  125 RV31378_PSI_1_DRA_A_cell_20000922_XP7.
2451809.67397501   1947.39   1928.52   14.27  153.42    870.36 367. 0 0    692.94  124 RV31380_PSI_1_DRA_A_cell_20000922_XP7.
2452142.68049250   1862.11   1841.40   11.86  129.43    193.61 489. 0 0    821.84  128 RV33985_PSI_1_DRA_A_cell_20010821_XP7.
2453319.63923677   2450.74   2432.56   11.40  122.68    -77.33 490. 0 0    783.66  126 RV40657_PSI_1_DRA_A_cell_20041110_XP7.
2453585.85391516   2556.50   2559.12    9.92  102.99  -1291.17 490. 0 0   1266.77  117 RV41804_PSI_1_DRA_A_cell_20050803_XP7.
2453585.87521005   2542.55   2549.66   10.87  113.11  -1280.71 330. 0 0    688.38  114 RV41806_PSI_1_DRA_A_cell_20050803_XP7.
2453634.64130853   2647.57   2654.26   11.20  113.51    172.34 636. 0 0   3989.95  114 RV42131_PSI_1_DRA_A_cell_20050921_XP7.
2453635.62354410   2557.44   2554.04    9.14   96.38    285.04 438. 0 0    796.34  124 RV42158_PSI_1_DRA_A_cell_20050922_XP7.
2453655.63646838   2713.74   2710.81    8.53   92.95    181.96 506. 0 0    583.23  126 RV42333_PSI_1_DRA_A_cell_20051012_XP7.
2453655.64247365   2830.44   2780.16   26.90  296.37     63.01 207. 0 0   5080.01  129 RV42334_PSI_1_DRA_A_cell_20051012_XP7.
2453689.53829195   2667.14   2664.81    8.13   84.88   -426.23 460. 0 0    702.60  117 RV42460_PSI_1_DRA_A_cell_20051115_XP7.
2453907.84895105   2960.55   2960.14   10.74  112.06  -3746.20 354. 0 0    578.49  115 RV43838_PSI_1_DRA_A_cell_20060621_XP7.
2453928.79731533   2856.26   2857.74   12.04  123.13  -2602.33 365. 0 0    861.12  115 RV44144_psi_1_Dra_A_cell_20060000_XP7.
2454019.60276501   2932.60   2930.06   11.92  128.81    -15.27 550. 0 0   1146.08  124 RV44764_psi_1_Dra_A_cell_20061011_XP7.
2454279.75215099   3067.78   3067.83   11.19  114.75  -3464.86 404. 0 0    847.67  113 RV46786_psi1Dra_A_cell_20070628_XP7.da
2454279.75674219   3056.76   3056.30   10.44  107.71  -3457.18 380. 0 0    722.65  117 RV46787_psi1Dra_A_cell_20070628_XP7.da
2454309.79142166   3031.04   3020.50   12.57  130.72  -2034.48 402. 0 0   1004.74  115 RV46903_psi1Dra_A_cell_20070728_XP7.da
2454345.62967556   3281.54   3270.46    9.99  104.07   -840.81 378. 0 0    946.35  113 RV47237_psi1Dra_A_cell_20070902_XP7.da
2454401.55954883   3149.49   3155.33    8.70   92.65   -415.14 366. 0 0    461.84  118 RV47671_psi1Dra_A_cell_20071028_XP7.da
2454662.92681036   3352.05   3349.05   15.33  155.43  -2980.80 313. 0 0   1083.98  114 RV50253_psi1Dra_A_cell_20080715_XP7.da
2454665.76769959   3499.68   3485.84   14.49  147.39  -2918.81 368. 0 0   1175.10  115 RV50366_psi1Dra_A_cell_20080718_XP7.da
2454665.77228618   3493.74   3491.54   15.06  155.53  -2915.88 369. 0 0   1129.47  118 RV50367_psi1Dra_A_cell_20080718_XP7.da
2454730.70839417   3445.78   3457.09   14.17  149.11   -651.88 451. 0 0   1403.64  120 RV50755_psi1Dra_A_cell_20080921_XP7.da
2454750.63705617   3429.45   3438.95   19.33  205.79   -532.48 209. 0 0    667.92  125 RV51343_psi1Dra_A_cell_20081011_XP7.da
2454750.64164510   3411.25   3424.26   17.76  188.23   -516.03 251. 0 0    685.98  126 RV51344_psi1Dra_A_cell_20081011_XP7.da
2454750.64622918   3410.27   3425.46   17.28  183.23   -516.71 296. 0 0    929.25  121 RV51345_psi1Dra_A_cell_20081011_XP7.da
2454750.65121187   3406.70   3406.35   14.67  153.01   -514.84 299. 0 0    875.37  122 RV51346_psi1Dra_A_cell_20081011_XP7.da
2454750.65580080   3416.05   3435.83   19.20  203.09   -525.66 342. 0 0   1723.65  125 RV51347_psi1Dra_A_cell_20081011_XP7.da
2454750.66038488   3395.61   3425.22   22.84  249.14   -506.59 327. 0 0   1845.36  127 RV51348_psi1Dra_A_cell_20081011_XP7.da
2454750.67061820   3404.05   3411.99   19.59  209.43   -517.74 331. 0 0   1823.82  126 RV51349_psi1Dra_A_cell_20081011_XP7.da
2454750.67520470   3407.80   3423.33   19.18  203.19   -522.55 345. 0 0   1641.82  127 RV51350_psi1Dra_A_cell_20081011_XP7.da
2454750.67979363   3411.93   3419.44   18.70  197.33   -527.63 319. 0 0   1595.30  123 RV51351_psi1Dra_A_cell_20081011_XP7.da
2455100.57485973   3861.73   3875.13   15.81  165.28   -950.14 194. 0 0    303.67  121 RV56061_psi1Dra_A_cell_20090926_XP7.da
2455100.57927170   3867.66   3891.06   14.33  150.30   -959.17 238. 0 0    376.28  118 RV56062_psi1Dra_A_cell_20090926_XP7.da
2455398.75306420   4220.97   4209.23   14.67  148.47  -3513.67 244. 0 0    610.36  109 RV60794_psi1Dra_A_cell_20100721_XP7.da
2455790.72157760   4985.82   4977.24   20.71  211.86  -3122.18 249. 0 0    759.99  113 RV67083_psi1Dra_A_cell_20110817_XP7.da
2455869.57533837   5212.87   5211.37   16.57  170.08  -2644.89 233. 0 0    383.32  112 RV68264_psi1Dra_A_cell_20111104_XP7.da
2455910.56504525   5314.98   5321.42   18.21  189.31  -4343.43 256. 0 0    464.44  116 RV69096_psi1Dra_A_cell_20111215_XP7.da
2455992.01915065   5546.16   5537.86   12.18  125.28  -8150.24 228. 0 0    444.19  111 RV70314_psi1Dra_A_cell_20120305_XP7.da
2456016.92540442   5674.36   5658.53   13.74  141.04  -8622.32 255. 0 0    531.73  114 RV70483_psi1Dra_A_cell_20120330_XP7.da
2456106.77630907   5810.23   5784.20   14.53  148.58  -6192.91 249. 0 0    519.86  110 RV71933_psi1Dra_A_cell_20120628_XP7.da
2456138.83705826   5968.08   5944.34   19.52  198.30  -4870.82 254. 0 0    619.10  113 RV72585_psi1Dra_A_cell_20120730_XP7.da
2456145.65470941   5957.32   5947.04   24.72  255.36  -4450.46 245. 0 0    937.87  117 RV72941_psi1Dra_A_cell_20120806_XP7.da
2456145.65781209   5958.28   5928.66   17.78  176.78  -4453.69 245. 0 0    730.16  106 RV72942_psi1Dra_A_cell_20120806_XP7.da
2456145.66054926   5968.86   5965.17   17.96  183.00  -4466.27 245. 0 0    732.83  111 RV72943_psi1Dra_A_cell_20120806_XP7.da
2456173.73133213   5970.40   5954.69   17.51  176.53  -3543.40 256. 0 0    851.67  111 RV74034_psi1Dra_A_cell_20120903_XP7.da
2456401.96616682   6977.56   6964.27   14.16  146.75  -9892.49 236. 0 0    420.11  117 RV78643_psi1Dra_A_cell_20130419_XEM.da
2456401.96854435   6953.02   6941.40   12.09  123.18  -9869.75 237. 0 0    422.42  120 RV78644_psi1Dra_A_cell_20130419_XEM.da
2456433.74198175   7241.33   7238.42   12.54  128.71  -9236.14 246. 0 0    495.87  116 RV79536_psi1Dra_A_cell_20130521_XEM.da
2456433.74421449   7203.48   7208.51   12.07  124.61  -9199.49 246. 0 0    503.13  113 RV79537_psi1Dra_A_cell_20130521_XEM.da
2456435.87020871   7217.60   7208.33   14.82  154.05  -9228.86 240. 0 0    520.77  117 RV79762_psi1Dra_A_cell_20130523_XEM.da
2456435.87231043   7213.49   7205.13   14.69  151.12  -9226.29 240. 0 0    522.64  113 RV79763_psi1Dra_A_cell_20130523_XEM.da
2456461.87214074   7361.03   7357.55   12.29  123.25  -8290.94 253. 0 0    695.27  108 RV80090_psi1Dra_A_cell_20130618_XEM.da
2456461.87526330   7336.85   7350.66   15.41  158.09  -8268.66 252. 0 0    714.07  113 RV80091_psi1Dra_A_cell_20130618_XEM.da
2456461.87840021   7342.47   7325.57   15.86  164.60  -8276.16 253. 0 0    697.82  112 RV80092_psi1Dra_A_cell_20130618_XEM.da
2456465.80449961   7270.79   7296.78   14.28  145.19  -7969.91 242. 0 0    630.37  116 RV80355_psi1Dra_A_cell_20130622_XEM.da
2456497.85702487   7589.46   7573.50   18.96  190.08  -6785.98 289. 0 0   1445.04  109 RV80667_psi1Dra_A_cell_20130724_XEM.da
2456519.61591552   7775.99   7764.82   14.51  146.98  -5894.10 235. 0 0    642.79  107 RV81615_psi1Dra_A_cell_20130815_XEM.da
2456525.66010401   7740.96   7725.20   17.22  175.30  -5676.42 244. 0 0    610.59  111 RV82282_psi1Dra_A_cell_20130821_XEM.da
2456560.58299082   7835.31   7811.59   13.27  135.87  -4937.21 246. 0 0    455.70  116 RV83486_psi1Dra_A_cell_20130925_XEM.da
2456564.59404685   7794.94   7780.64   14.55  152.16  -4876.09 247. 0 0    482.61  113 RV83946_psi1Dra_A_cell_20130929_XEM.da
2456613.55172379   8097.36   8088.58   15.79  161.36  -5929.67 241. 0 0    538.13  115 RV85100_psi1Dra_A_cell_20131117_XEM.da
2456614.57880897   8152.26   8138.51   11.63  119.91  -6028.07 248. 0 0    472.39  116 RV85212_psi1Dra_A_cell_20131118_XEM.da
2456755.98440149   9313.18   9308.36   13.67  143.30 -12319.16 254. 0 0    447.52  117 RV87981_psi1Dra_A_cell_20140408_XEM.da
2456759.96890652   9385.42   9365.99   15.08  157.91 -12364.59 243. 0 0    503.88  117 RV88381_psi1Dra_A_cell_20140412_XEM.da
2456784.83825695   9606.45   9603.18   16.89  175.41 -12093.96 273. 0 0    792.55  114 RV88615_psi1Dra_A_cell_20140507_XEM.da
2456816.67187392   9908.65   9895.07   13.97  142.10 -11165.53 241. 0 0    695.41  114 RV89735_psi1Dra_A_cell_20140608_XEM.da
2456816.67388479   9915.98   9907.13   15.36  157.31 -11173.77 243. 0 0    685.12  114 RV89736_psi1Dra_A_cell_20140608_XEM.da
2456860.72702635  10402.66  10402.09   16.23  164.18  -9631.10 243. 0 0    988.93  109 RV90406_psi1Dra_A_cell_20140722_XEM.da
2456860.72906143  10422.24  10421.35   15.07  150.27  -9652.12 244. 0 0    958.38  105 RV90407_psi1Dra_A_cell_20140722_XEM.da
2456885.62395463  10604.16  10607.27   14.84  149.62  -8699.75 240. 0 0    866.59  109 RV91271_psi1Dra_A_cell_20140816_XEM.da
2456938.63371554  11196.75  11189.37   15.68  161.88  -8284.95 258. 0 0    636.58  114 RV92853_psi1Dra_A_cell_20141008_XEM.da
2456938.63600318  11182.70  11172.63   14.68  151.97  -8271.89 258. 0 0    635.80  115 RV92854_psi1Dra_A_cell_20141008_XEM.da
2457092.01964197  12117.40  12113.88   15.08  157.66 -14828.90 259. 0 0    536.68  115 RV95508_psi1Dra_A_cell_20150310_XEM.da
2457109.84900739  12068.31  12076.67   15.13  157.83 -14954.51 253. 0 0    504.71  117 RV95899_psi1Dra_A_cell_20150328_XEM.da
2457118.96211719  12019.04  11986.70   16.49  172.38 -15009.61 239. 0 0    579.02  113 RV96457_psi1Dra_A_cell_20150406_XEM.da
2457150.92188505  11696.47  11685.18   16.68  174.81 -14225.75 240. 0 0    489.48  117 RV96752_psi1Dra_A_cell_20150508_XEM.da
2457174.95966752  11292.59  11267.35   17.48  182.95 -13036.17 283. 0 0    800.05  116 RV97456_psi1Dra_A_cell_20150601_XEM.da
2457214.83269121  10265.36  10239.79   16.92  174.53 -10095.32 246. 0 0    938.69  115 RV97829_psi1Dra_A_cell_20150711_XEM.da
2457214.83593948  10274.46  10252.75   15.60  157.33 -10106.18 246. 0 0    954.40  109 RV97830_psi1Dra_A_cell_20150711_XEM.da
2457216.72646033  10220.08  10219.82   15.75  165.67  -9884.02 242. 0 0    685.08  118 RV97987_psi1Dra_A_cell_20150713_XEM.da
2457216.72861646  10246.09  10228.33   14.80  152.34  -9911.60 243. 0 0    635.23  116 RV97988_psi1Dra_A_cell_20150713_XEM.da
2457245.60314362   9325.71   9301.65   15.65  159.37  -7607.67 245. 0 0    672.19  113 RV98358_psi1Dra_A_cell_20150811_XEM.da
2457245.60538727   9324.21   9299.34   16.41  170.38  -7607.78 247. 0 0    702.25  113 RV98359_psi1Dra_A_cell_20150811_XEM.da
2457248.60697322   9328.05   9337.84   17.29  174.30  -7495.74 242. 0 0    776.80  109 RV98649_psi1Dra_A_cell_20150814_XEM.da